Unit 0: 
(0,0,0,0,0,0)

Unit 1:
(510000,535000,4290000,4320000,-4886,7)

Unit 2:
(513000,531500,4294500,4320000,-15661,696)

Unit 3:
(510000,535000,4290000,4320000,-15661,97)

Unit 4:
(510000,535000,4290000,4320000,-15661,-551)

Unit 5:
(511500,534000,4292000,4313500,-15661,-97)

Unit 6:
(510000,535000,4299000,4316000,-15661,-312)

Unit 7:
(510000,535000,4314500,4318000,-15661,1400)

Unit 8:
(510000,535000,4310000,4315500,-15661,1400)

Unit 9:
(510000,535000,4296000,4310000,-15661,-551)







